init.started,init.stopped,participant,date,expName,psychopyVersion,OS,frameRate,Start.started,Start.stopped,instrKeyResp_Start.keys,instrKeyResp_Start.rt,instrKeyResp_Start.duration,ProlificID.started,ProlificID.stopped,textboxProlific_IDA.text,instrKeyResp_Start_2.keys,instrKeyResp_Start_2.rt,instrKeyResp_Start_2.duration,CES_D10.started,CES_D10.stopped,CESD_Q1Slider.response,CESD_Q1Slider.rt,CESD_Q2Slider.response,CESD_Q2Slider.rt,CESD_Q3Slider.response,CESD_Q3Slider.rt,CESD_Q4Slider.response,CESD_Q4Slider.rt,CESD_Q5Slider.response,CESD_Q5Slider.rt,key_resp_3.keys,key_resp_3.rt,key_resp_3.duration,CES_D10_1.started,CES_D10_1.stopped,CESD_Q6Slider.response,CESD_Q6Slider.rt,CESD_Q7Slider.response,CESD_Q7Slider.rt,CESD_Q8Slider.response,CESD_Q8Slider.rt,CESD_Q9Slider.response,CESD_Q9Slider.rt,CESD_Q10Slider.response,CESD_Q10Slider.rt,key_resp.keys,key_resp.rt,key_resp.duration,trials.thisRepN,trials.thisTrialN,trials.thisN,trials.thisIndex,trials.ran,instruction.started,instruction.stopped,instrKeyResp.keys,instrKeyResp.rt,instrKeyResp.duration,lifeHappy.started,lifeHappy.stopped,lifeHappySlider.response,lifeHappySlider.rt,lifeHappyResp.keys,lifeHappyResp.rt,lifeHappyResp.duration,instruction_2.started,instruction_2.stopped,instrKeyResp_2.keys,instrKeyResp_2.rt,instrKeyResp_2.duration,Traning.started,Traning.stopped,ContinueKey_Traning.keys,ContinueKey_Traning.rt,ContinueKey_Traning.duration,Training1.started,Training1.stopped,leftListener.keys,rightListener.keys,rightListener.rt,rightListener.duration,Tshowchoice.started,Tshowchoice.stopped,train.thisRepN,train.thisTrialN,train.thisN,train.thisIndex,train.ran,Rep,CertainValue,HighGamble,LowGamble,CertainDuration,LowDuration,HighDuration,left,right,KeyInst,Result,DecisionText,leftListener.rt,leftListener.duration,GameStart.started,GameStart.stopped,ContinueKey_Game.keys,ContinueKey_Game.rt,ContinueKey_Game.duration,blockHappy.started,blockHappy.stopped,blockHappySlider.response,blockHappySlider.rt,blockHappyResp.keys,blank.started,blank.stopped,getAnswer.started,getAnswer.stopped,isHappyBlock,isCongruent,isWinOnTop,lastHappyRating,diff,sumDiff,RPE,winAmount,loseAmount,certainAmount,choice,outcome,outcomeAmount,currentWinnings,blockNum,targetHappiness,highAmount,choiceKey.keys,choiceKey.rt,choiceKey.duration,showChoice.started,showChoice.stopped,showResult.started,showResult.stopped,ITI.started,ITI.stopped,trialLoop.thisRepN,trialLoop.thisTrialN,trialLoop.thisN,trialLoop.thisIndex,trialLoop.ran,ISI.started,ISI.stopped,trialHappy.started,trialHappy.stopped,happySlider.response,happySlider.rt,happyResp.keys,Demographic_questionnaire.started,Demographic_questionnaire.stopped,instrKeyResp_Demo.keys,instrKeyResp_Demo.rt,instrKeyResp_Demo.duration,Demographic_1.started,Demographic_1.stopped,Age_textbox.text,Education_textbox.text,fill_key_resp.keys,fill_key_resp.rt,fill_key_resp.duration,Demographic_2.started,Demographic_2.stopped,GenderSlider.response,GenderSlider.rt,Marital_StatusSlider.response,Marital_StatusSlider.rt,TimeSlider.response,TimeSlider.rt,choice_key_resp.keys,choice_key_resp.rt,choice_key_resp.duration,Demographic_3.started,Demographic_3.stopped,DiagnosesSlider_2.response,DiagnosesSlider_2.rt,Diagnoses_textbox.text,Space_DiagnosesKey.keys,Space_DiagnosesKey.rt,Space_DiagnosesKey.duration,FinalQuestionnaire.started,FinalQuestionnaire.stopped,instrKeyResp_3.keys,instrKeyResp_3.rt,instrKeyResp_3.duration,FQuestion.started,FQuestion.stopped,FQuestion_1_KeyResp.keys,FQuestion_1_KeyResp.rt,FQuestion_1_KeyResp.duration,FQuestion_2.started,FQuestion_2.stopped,FQuestion_2_KeyResp.keys,FQuestion_2_KeyResp.rt,FQuestion_2_KeyResp.duration,FQuestion_3.started,FQuestion_3.stopped,FQuestion_3_KeyResp.keys,FQuestion_3_KeyResp.rt,FQuestion_3_KeyResp.duration,Alertness_test_Q.started,Alertness_test_Q.stopped,Alertness_test_KeyResp.keys,Alertness_test_KeyResp.rt,Alertness_test_KeyResp.duration,FQuestion_4.started,FQuestion_4.stopped,FQuestion_4_KeyResp.keys,FQuestion_4_KeyResp.rt,FQuestion_4_KeyResp.duration,FQuestion_5.started,FQuestion_5.stopped,FQuestion_5_KeyResp.keys,FQuestion_5_KeyResp.rt,FQuestion_5_KeyResp.duration,FairnessFillin.started,FairnessFillin.stopped,Fairness_textbox.text,Fairness_key.keys,Fairness_key.rt,Fairness_key.duration,FQuestion_6.started,FQuestion_6.stopped,FQuestion_6_KeyResp.keys,FQuestion_6_KeyResp.rt,FQuestion_6_KeyResp.duration,FQuestion_7.started,FQuestion_7.stopped,FQuestion_7_KeyResp.keys,FQuestion_7_KeyResp.rt,FQuestion_7_KeyResp.duration,FQuestion_8.started,FQuestion_8.stopped,FQuestion_8_KeyResp.keys,FQuestion_8_KeyResp.rt,FQuestion_8_KeyResp.duration,Q_ProblemCheck.started,Q_ProblemCheck.stopped,Problems_FillIn.text,ProblemsContinue_key.keys,ProblemsContinue_key.rt,ProblemsContinue_key.duration,showWinnings.started,finalWinnings,cashBonus,showWinnings.stopped,goodbyeKeyResp_2.keys,goodbyeKeyResp_2.rt,goodbyeKeyResp_2.duration,showHash.started,hashCode,showHash.stopped,goodbyeKeyResp.keys,goodbyeKeyResp.rt,goodbyeKeyResp.duration,URL.started,URL.stopped,logWinningLoop.thisRepN,logWinningLoop.thisTrialN,logWinningLoop.thisN,logWinningLoop.thisIndex,logWinningLoop.ran
0.0004,0.0006,,2025-01-14_06h52.39.719,Mmi_Reward,2023.2.3,Win32,60.24096386,,,,,,,,,,,,,,,,,,,,,,,,,,,,,,,,,,,,,,,,,,,,,,,,,,,,,,,,,,,,,,,,,,,,,,,,,,,,,,,,,,,,,,,,,,,,,,,,,,,,,,,,,,,,,,,,,,,,,,,,,,,,,,,,,,,,,,,,,,,,,,,,,,,,,,,,,,,,,,,,,,,,,,,,,,,,,,,,,,,,,,,,,,,,,,,,,,,,,,,,,,,,,,,,,,,,,,,,,,,,,,,,,,,,,,,,,,,,,,,,,,,,,,,,,,,,,,,,,,,,
,,,2025-01-14_06h52.39.719,Mmi_Reward,2023.2.3,Win32,60.24096386,0.0008,196.3591,space,196.3144,,,,,,,,,,,,,,,,,,,,,,,,,,,,,,,,,,,,,,,,,,,,,,,,,,,,,,,,,,,,,,,,,,,,,,,,,,,,,,,,,,,,,,,,,,,,,,,,,,,,,,,,,,,,,,,,,,,,,,,,,,,,,,,,,,,,,,,,,,,,,,,,,,,,,,,,,,,,,,,,,,,,,,,,,,,,,,,,,,,,,,,,,,,,,,,,,,,,,,,,,,,,,,,,,,,,,,,,,,,,,,,,,,,,,,,,,,,,,,,,,,,,,,,,,,,,,,,,
,,,2025-01-14_06h52.39.719,Mmi_Reward,2023.2.3,Win32,60.24096386,,,,,,196.3595,335.585,a3230,space,139.1803,,,,,,,,,,,,,,,,,,,,,,,,,,,,,,,,,,,,,,,,,,,,,,,,,,,,,,,,,,,,,,,,,,,,,,,,,,,,,,,,,,,,,,,,,,,,,,,,,,,,,,,,,,,,,,,,,,,,,,,,,,,,,,,,,,,,,,,,,,,,,,,,,,,,,,,,,,,,,,,,,,,,,,,,,,,,,,,,,,,,,,,,,,,,,,,,,,,,,,,,,,,,,,,,,,,,,,,,,,,,,,,,,,,,,,,,,,,,,,,,,,,,,,,,,,
,,,2025-01-14_06h52.39.719,Mmi_Reward,2023.2.3,Win32,60.24096386,,,,,,,,,,,,335.5901,363.7138,1,11.064,1,18.4517,1,19.8522,3,25.6307,4,26.779,space,1.3148,,363.7152,378.0964,1,3.7107,1,6.3883,4,8.0585,1,11.3559,1,13.4407,space,0.9168,,0,0,0,0,1,,,,,,,,,,,,,,,,,,,,,,,,,,,,,,,,,,,,,,,,,,,,,,,,,,,,,,,,,,,,,,,,,,,,,,,,,,,,,,,,,,,,,,,,,,,,,,,,,,,,,,,,,,,,,,,,,,,,,,,,,,,,,,,,,,,,,,,,,,,,,,,,,,,,,,,,,,,,,,,,,,,,,,,,,,,,,,,,,,,,,,,,,,,,,,,,,,,,,,,,,,,,,,,,,,,,,,
,,,2025-01-14_06h52.39.719,Mmi_Reward,2023.2.3,Win32,60.24096386,,,,,,,,,,,,,,,,,,,,,,,,,,,,,,,,,,,,,,,,,,,,,,,398.6605,420.4424,space,21.752,,420.4429,436.0416,1,14.3398,space,12.5622,,,,,,,,,,,,,,,,,,,,,,,,,,,,,,,,,,,,,,,,,,,,,,,,,,,,,,,,,,,,,,,,,,,,,,,,,,,,,,,,,,,,,,,,,,,,,,,,,,,,,,,,,,,,,,,,,,,,,,,,,,,,,,,,,,,,,,,,,,,,,,,,,,,,,,,,,,,,,,,,,,,,,,,,,,,,,,,,,,,,,,,,,,,,,,,,,,,,,,,,,,,
,,,2025-01-14_06h52.39.719,Mmi_Reward,2023.2.3,Win32,60.24096386,,,,,,,,,,,,,,,,,,,,,,,,,,,,,,,,,,,,,,,,,,,,,,,,,,,,,,,,,,,541.6066,548.1055,space,6.4835,,548.1068,550.6384,space,2.5044,,,,,,,,,,,,,,,,,,,,,,,,,,,,,,,,,,,,,,,,,,,,,,,,,,,,,,,,,,,,,,,,,,,,,,,,,,,,,,,,,,,,,,,,,,,,,,,,,,,,,,,,,,,,,,,,,,,,,,,,,,,,,,,,,,,,,,,,,,,,,,,,,,,,,,,,,,,,,,,,,,,,,,,,,,,,,,,,,,,,,,,,,,,,,,,,,
,,,2025-01-14_06h52.39.719,Mmi_Reward,2023.2.3,Win32,60.24096386,,,,,,,,,,,,,,,,,,,,,,,,,,,,,,,,,,,,,,,,,,,,,,,,,,,,,,,,,,,,,,,,,,,,,550.6719,553.77,,right,3.0492,,553.7708,558.7709,0,0,0,2,1,3,0,1,-1,0,5,3,0,1,right,Lose,Choose the gamble option,,,,,,,,,,,,,,,,,,,,,,,,,,,,,,,,,,,,,,,,,,,,,,,,,,,,,,,,,,,,,,,,,,,,,,,,,,,,,,,,,,,,,,,,,,,,,,,,,,,,,,,,,,,,,,,,,,,,,,,,,,,,,,,,,,,,,,,,,,,,,,,,,,,,,,,,,,,,,,,,,,,,,,,
,,,2025-01-14_06h52.39.719,Mmi_Reward,2023.2.3,Win32,60.24096386,,,,,,,,,,,,,,,,,,,,,,,,,,,,,,,,,,,,,,,,,,,,,,,,,,,,,,,,,,,,,,,,,,,,,558.7738,565.8898,,right,7.1048,,565.8899,570.8863,0,1,1,1,1,2,0,1,-1,0,3,5,0,1,right,Win,Choose the gamble option,,,,,,,,,,,,,,,,,,,,,,,,,,,,,,,,,,,,,,,,,,,,,,,,,,,,,,,,,,,,,,,,,,,,,,,,,,,,,,,,,,,,,,,,,,,,,,,,,,,,,,,,,,,,,,,,,,,,,,,,,,,,,,,,,,,,,,,,,,,,,,,,,,,,,,,,,,,,,,,,,,,,,,,
,,,2025-01-14_06h52.39.719,Mmi_Reward,2023.2.3,Win32,60.24096386,,,,,,,,,,,,,,,,,,,,,,,,,,,,,,,,,,,,,,,,,,,,,,,,,,,,,,,,,,,,,,,,,,,,,570.8886,578.1697,left,,,,578.17,583.1686,0,2,2,0,1,1,0,1,-1,5,0,0,1,0,left,Certain,Choose the certain option,7.2489,,,,,,,,,,,,,,,,,,,,,,,,,,,,,,,,,,,,,,,,,,,,,,,,,,,,,,,,,,,,,,,,,,,,,,,,,,,,,,,,,,,,,,,,,,,,,,,,,,,,,,,,,,,,,,,,,,,,,,,,,,,,,,,,,,,,,,,,,,,,,,,,,,,,,,,,,,,,,,,,,,,,,,
,,,2025-01-14_06h52.39.719,Mmi_Reward,2023.2.3,Win32,60.24096386,,,,,,,,,,,,,,,,,,,,,,,,,,,,,,,,,,,,,,,,,,,,,,,,,,,,,,,,,,,,,,,,,,,,,,,,,,,,,,,,,,,,,,,,,,,,,,,,583.1704,586.4041,space,3.205,,,,,,,,,,,,,,,,,,,,,,,,,,,,,,,,,,,,,,,,,,,,,,,,,,,,,,,,,,,,,,,,,,,,,,,,,,,,,,,,,,,,,,,,,,,,,,,,,,,,,,,,,,,,,,,,,,,,,,,,,,,,,,,,,,,,,,,,,,,,,,,,,,,,,,,,,,,,,,,,,
,,,2025-01-14_06h52.39.719,Mmi_Reward,2023.2.3,Win32,60.24096386,,,,,,,,,,,,,,,,,,,,,,,,,,,,,,,,,,,,,,,,,,,,,,,,,,,,,,,,,,,,,,,,,,,,,,,,,,,,,,,,,,,,,,,,,,,,,,,,,,,,,586.4294,591.9182,0.06,5.1123,,591.9196,594.9188,594.9548,597.0021,na,TRUE,FALSE,0.06,-0.24,-0.24,3.6,0.4,-3.2,-2,gamble,win,0.4,0.4,1,0.3,-3.2,right,2.0184,,597.0036,599.0024,599.0033,600.0037,600.0089,601.0032,0,0,0,63,1,,,,,,,,,,,,,,,,,,,,,,,,,,,,,,,,,,,,,,,,,,,,,,,,,,,,,,,,,,,,,,,,,,,,,,,,,,,,,,,,,,,,,,,,,,,,,,,,,,,,,,,,,,,,,,,,,,,,,,,,
,,,2025-01-14_06h52.39.719,Mmi_Reward,2023.2.3,Win32,60.24096386,,,,,,,,,,,,,,,,,,,,,,,,,,,,,,,,,,,,,,,,,,,,,,,,,,,,,,,,,,,,,,,,,,,,,,,,,,,,,,,,,,,,,,,,,,,,,,,,,,,,,,,,,,,,601.03,602.6843,na,TRUE,FALSE,0.06,-0.24,-0.48,3.84,6.64,2.8,4.08,certain,certain,4.08,4.48,1,0.3,2.8,left,1.6234,,602.6849,604.6842,604.6844,605.6848,605.6872,606.6836,0,1,1,49,1,,,,,,,,,,,,,,,,,,,,,,,,,,,,,,,,,,,,,,,,,,,,,,,,,,,,,,,,,,,,,,,,,,,,,,,,,,,,,,,,,,,,,,,,,,,,,,,,,,,,,,,,,,,,,,,,,,,,,,,,
,,,2025-01-14_06h52.39.719,Mmi_Reward,2023.2.3,Win32,60.24096386,,,,,,,,,,,,,,,,,,,,,,,,,,,,,,,,,,,,,,,,,,,,,,,,,,,,,,,,,,,,,,,,,,,,,,,,,,,,,,,,,,,,,,,,,,,,,,,,,,,,,,,,,,,,606.7061,608.4182,na,FALSE,FALSE,0.06,-0.24,-0.72,-0.9,0.05,-0.175,-0.1,gamble,lose,-0.175,4.305,1,0.3,-0.7,right,1.6771,,608.4189,610.4178,610.418,611.4176,617.4212,618.4164,0,2,2,20,1,611.423,611.918,611.9193,617.4183,,,,,,,,,,,,,,,,,,,,,,,,,,,,,,,,,,,,,,,,,,,,,,,,,,,,,,,,,,,,,,,,,,,,,,,,,,,,,,,,,,,,,,,,,,,,,,,,,,,,,,,,,,,,,,,,,,,,
,,,2025-01-14_06h52.39.719,Mmi_Reward,2023.2.3,Win32,60.24096386,,,,,,,,,,,,,,,,,,,,,,,,,,,,,,,,,,,,,,,,,,,,,,,,,,,,,,,,,,,,,,,,,,,,,,,,,,,,,,,,,,,,,,,,,,,,,,,,,,,,,,,,,,,,618.4359,619.5836,na,TRUE,FALSE,0.06,-0.24,-0.96,4.32,4.12,-0.2,1.24,certain,certain,1.24,5.545,1,0.3,-0.2,left,1.1191,,619.5841,621.5837,621.5841,622.5834,622.5859,623.5831,0,3,3,64,1,,,,,,,,,,,,,,,,,,,,,,,,,,,,,,,,,,,,,,,,,,,,,,,,,,,,,,,,,,,,,,,,,,,,,,,,,,,,,,,,,,,,,,,,,,,,,,,,,,,,,,,,,,,,,,,,,,,,,,,,
,,,2025-01-14_06h52.39.719,Mmi_Reward,2023.2.3,Win32,60.24096386,,,,,,,,,,,,,,,,,,,,,,,,,,,,,,,,,,,,,,,,,,,,,,,,,,,,,,,,,,,,,,,,,,,,,,,,,,,,,,,,,,,,,,,,,,,,,,,,,,,,,,,,,,,,623.6038,624.5671,na,TRUE,TRUE,0.06,-0.24,-1.2,4.56,6.86,2.3,3.82,gamble,win,6.86,12.405,1,0.3,2.3,right,0.9266,,624.5675,626.5662,626.5663,627.5664,633.5672,634.5661,0,4,4,9,1,627.5693,628.0658,628.0659,633.5653,0.81,,,,,,,,,,,,,,,,,,,,,,,,,,,,,,,,,,,,,,,,,,,,,,,,,,,,,,,,,,,,,,,,,,,,,,,,,,,,,,,,,,,,,,,,,,,,,,,,,,,,,,,,,,,,,,,,,,,
,,,2025-01-14_06h52.39.719,Mmi_Reward,2023.2.3,Win32,60.24096386,,,,,,,,,,,,,,,,,,,,,,,,,,,,,,,,,,,,,,,,,,,,,,,,,,,,,,,,,,,,,,,,,,,,,,,,,,,,,,,,,,,,,,,,,,,,,,,,,,,,,,,,,,,,634.5935,636.6522,na,FALSE,FALSE,0.81,0.51,-0.69,1.7275,-0.625,-1.056875,-0.912916667,certain,certain,-0.912916667,11.49208333,1,0.3,-2.5,left,2.0139,,636.6528,638.6496,638.65,639.6503,639.6526,640.6483,0,5,5,51,1,,,,,,,,,,,,,,,,,,,,,,,,,,,,,,,,,,,,,,,,,,,,,,,,,,,,,,,,,,,,,,,,,,,,,,,,,,,,,,,,,,,,,,,,,,,,,,,,,,,,,,,,,,,,,,,,,,,,,,,,
,,,2025-01-14_06h52.39.719,Mmi_Reward,2023.2.3,Win32,60.24096386,,,,,,,,,,,,,,,,,,,,,,,,,,,,,,,,,,,,,,,,,,,,,,,,,,,,,,,,,,,,,,,,,,,,,,,,,,,,,,,,,,,,,,,,,,,,,,,,,,,,,,,,,,,,640.657,643.6513,na,TRUE,TRUE,0.81,0.51,-0.18,-6.96,-2.9,-9.86,-7.54,gamble,lose,-9.86,1.632083333,1,0.3,-2.9,,,,643.6522,645.6493,645.6494,646.6497,646.6534,647.6489,0,6,6,39,1,,,,,,,,,,,,,,,,,,,,,,,,,,,,,,,,,,,,,,,,,,,,,,,,,,,,,,,,,,,,,,,,,,,,,,,,,,,,,,,,,,,,,,,,,,,,,,,,,,,,,,,,,,,,,,,,,,,,,,,,
,,,2025-01-14_06h52.39.719,Mmi_Reward,2023.2.3,Win32,60.24096386,,,,,,,,,,,,,,,,,,,,,,,,,,,,,,,,,,,,,,,,,,,,,,,,,,,,,,,,,,,,,,,,,,,,,,,,,,,,,,,,,,,,,,,,,,,,,,,,,,,,,,,,,,,,647.675,650.6657,na,TRUE,FALSE,0.81,0.51,0.33,-7.47,1.6,-5.87,-3.38,gamble,lose,-5.87,-4.237916667,1,0.3,1.6,,,,650.6665,652.6649,652.665,653.6652,659.6643,660.6641,0,7,7,41,1,653.6685,654.1646,654.1647,659.6641,0.43,3.9408,,,,,,,,,,,,,,,,,,,,,,,,,,,,,,,,,,,,,,,,,,,,,,,,,,,,,,,,,,,,,,,,,,,,,,,,,,,,,,,,,,,,,,,,,,,,,,,,,,,,,,,,,,,,,,,,,,
,,,2025-01-14_06h52.39.719,Mmi_Reward,2023.2.3,Win32,60.24096386,,,,,,,,,,,,,,,,,,,,,,,,,,,,,,,,,,,,,,,,,,,,,,,,,,,,,,,,,,,,,,,,,,,,,,,,,,,,,,,,,,,,,,,,,,,,,,,,,,,,,,,,,,,,660.6895,663.6821,na,TRUE,TRUE,0.43,0.13,0.46,-2.28,-2.1,-4.38,-3.62,gamble,lose,-4.38,-8.617916667,1,0.3,-2.1,,,,663.6827,665.6805,665.6805,666.6809,666.6831,667.681,0,8,8,3,1,,,,,,,,,,,,,,,,,,,,,,,,,,,,,,,,,,,,,,,,,,,,,,,,,,,,,,,,,,,,,,,,,,,,,,,,,,,,,,,,,,,,,,,,,,,,,,,,,,,,,,,,,,,,,,,,,,,,,,,,
,,,2025-01-14_06h52.39.719,Mmi_Reward,2023.2.3,Win32,60.24096386,,,,,,,,,,,,,,,,,,,,,,,,,,,,,,,,,,,,,,,,,,,,,,,,,,,,,,,,,,,,,,,,,,,,,,,,,,,,,,,,,,,,,,,,,,,,,,,,,,,,,,,,,,,,667.7008,670.2151,na,FALSE,FALSE,0.43,0.13,0.59,0.504166667,0.25,0.123958333,0.165972222,certain,certain,0.165972222,-8.451944444,1,0.3,1,left,2.4783,,670.2156,672.2138,672.214,673.214,679.2142,680.2139,0,9,9,68,1,673.2168,673.7136,673.7137,679.2137,0.82,4.2582,,,,,,,,,,,,,,,,,,,,,,,,,,,,,,,,,,,,,,,,,,,,,,,,,,,,,,,,,,,,,,,,,,,,,,,,,,,,,,,,,,,,,,,,,,,,,,,,,,,,,,,,,,,,,,,,,,
,,,2025-01-14_06h52.39.719,Mmi_Reward,2023.2.3,Win32,60.24096386,,,,,,,,,,,,,,,,,,,,,,,,,,,,,,,,,,,,,,,,,,,,,,,,,,,,,,,,,,,,,,,,,,,,,,,,,,,,,,,,,,,,,,,,,,,,,,,,,,,,,,,,,,,,680.2407,682.8645,na,FALSE,FALSE,0.82,0.52,1.11,1.9125,-0.325,-0.803125,-0.64375,certain,certain,-0.64375,-9.095694444,1,0.3,-1.3,left,2.5987,,682.8651,684.8639,684.8641,685.8634,685.8658,686.8637,0,10,10,71,1,,,,,,,,,,,,,,,,,,,,,,,,,,,,,,,,,,,,,,,,,,,,,,,,,,,,,,,,,,,,,,,,,,,,,,,,,,,,,,,,,,,,,,,,,,,,,,,,,,,,,,,,,,,,,,,,,,,,,,,,
,,,2025-01-14_06h52.39.719,Mmi_Reward,2023.2.3,Win32,60.24096386,,,,,,,,,,,,,,,,,,,,,,,,,,,,,,,,,,,,,,,,,,,,,,,,,,,,,,,,,,,,,,,,,,,,,,,,,,,,,,,,,,,,,,,,,,,,,,,,,,,,,,,,,,,,686.8897,688.931,na,TRUE,TRUE,0.82,0.52,1.63,-8.91,2.7,-6.21,-3.24,certain,certain,-3.24,-12.33569444,1,0.3,2.7,left,2.0102,,688.9318,690.9299,690.93,691.9303,697.9306,698.9299,0,11,11,56,1,691.9341,692.4301,692.4301,697.9297,0.47,4.0896,,,,,,,,,,,,,,,,,,,,,,,,,,,,,,,,,,,,,,,,,,,,,,,,,,,,,,,,,,,,,,,,,,,,,,,,,,,,,,,,,,,,,,,,,,,,,,,,,,,,,,,,,,,,,,,,,,
,,,2025-01-14_06h52.39.719,Mmi_Reward,2023.2.3,Win32,60.24096386,,,,,,,,,,,,,,,,,,,,,,,,,,,,,,,,,,,,,,,,,,,,,,,,,,,,,,,,,,,,,,,,,,,,,,,,,,,,,,,,,,,,,,,,,,,,,,,,,,,,,,,,,,,,698.9582,700.7967,na,FALSE,TRUE,0.47,0.17,1.8,0.745,0.275,0.08875,0.150833333,gamble,win,0.275,-12.06069444,1,0.3,1.1,right,1.812,,700.7973,702.7969,702.797,703.7962,703.7984,704.7959,0,12,12,27,1,,,,,,,,,,,,,,,,,,,,,,,,,,,,,,,,,,,,,,,,,,,,,,,,,,,,,,,,,,,,,,,,,,,,,,,,,,,,,,,,,,,,,,,,,,,,,,,,,,,,,,,,,,,,,,,,,,,,,,,,
,,,2025-01-14_06h52.39.719,Mmi_Reward,2023.2.3,Win32,60.24096386,,,,,,,,,,,,,,,,,,,,,,,,,,,,,,,,,,,,,,,,,,,,,,,,,,,,,,,,,,,,,,,,,,,,,,,,,,,,,,,,,,,,,,,,,,,,,,,,,,,,,,,,,,,,704.815,707.1792,na,FALSE,TRUE,0.47,0.17,1.97,0.759166667,-0.4,-0.589791667,-0.526527778,certain,certain,-0.526527778,-12.58722222,1,0.3,-1.6,left,2.3345,,707.1796,709.1788,709.179,710.179,710.1815,711.1792,0,13,13,4,1,,,,,,,,,,,,,,,,,,,,,,,,,,,,,,,,,,,,,,,,,,,,,,,,,,,,,,,,,,,,,,,,,,,,,,,,,,,,,,,,,,,,,,,,,,,,,,,,,,,,,,,,,,,,,,,,,,,,,,,,
,,,2025-01-14_06h52.39.719,Mmi_Reward,2023.2.3,Win32,60.24096386,,,,,,,,,,,,,,,,,,,,,,,,,,,,,,,,,,,,,,,,,,,,,,,,,,,,,,,,,,,,,,,,,,,,,,,,,,,,,,,,,,,,,,,,,,,,,,,,,,,,,,,,,,,,711.1985,713.7465,na,TRUE,TRUE,0.47,0.17,2.14,-4.52,-3.1,-7.62,-6.113333333,gamble,lose,-7.62,-20.20722222,1,0.3,-3.1,right,2.5267,,713.7471,715.7444,715.7445,716.7461,722.7451,723.7446,0,14,14,34,1,716.7502,717.2452,717.2453,722.7449,0.32,3.2895,,,,,,,,,,,,,,,,,,,,,,,,,,,,,,,,,,,,,,,,,,,,,,,,,,,,,,,,,,,,,,,,,,,,,,,,,,,,,,,,,,,,,,,,,,,,,,,,,,,,,,,,,,,,,,,,,,
,,,2025-01-14_06h52.39.719,Mmi_Reward,2023.2.3,Win32,60.24096386,,,,,,,,,,,,,,,,,,,,,,,,,,,,,,,,,,,,,,,,,,,,,,,,,,,,,,,,,,,,,,,,,,,,,,,,,,,,,,,,,,,,,,,,,,,,,,,,,,,,,,,,,,,,723.764,725.7616,na,FALSE,FALSE,0.32,0.02,0,0.07,0.65,0.6325,0.638333333,certain,certain,0.638333333,-19.56888889,1,0.3,2.6,left,1.9662,,725.7621,727.7616,727.7618,728.7618,728.7646,729.7616,0,15,15,67,1,,,,,,,,,,,,,,,,,,,,,,,,,,,,,,,,,,,,,,,,,,,,,,,,,,,,,,,,,,,,,,,,,,,,,,,,,,,,,,,,,,,,,,,,,,,,,,,,,,,,,,,,,,,,,,,,,,,,,,,,
,,,2025-01-14_06h52.39.719,Mmi_Reward,2023.2.3,Win32,60.24096386,,,,,,,,,,,,,,,,,,,,,,,,,,,,,,,,,,,,,,,,,,,,,,,,,,,,,,,,,,,,,,,,,,,,,,,,,,,,,,,,,,,,,,,,,,,,,,,,,,,,,,,,,,,,729.7826,731.5454,na,TRUE,TRUE,0.32,0.02,0,-0.28,1.9,1.62,1.713333333,certain,certain,1.713333333,-17.85555556,1,0.3,1.9,left,1.724,,731.546,733.5455,733.5457,734.5444,740.5445,741.5441,0,16,16,36,1,734.5476,735.0443,735.0445,740.5441,0.99,3.8803,,,,,,,,,,,,,,,,,,,,,,,,,,,,,,,,,,,,,,,,,,,,,,,,,,,,,,,,,,,,,,,,,,,,,,,,,,,,,,,,,,,,,,,,,,,,,,,,,,,,,,,,,,,,,,,,,,
,,,2025-01-14_06h52.39.719,Mmi_Reward,2023.2.3,Win32,60.24096386,,,,,,,,,,,,,,,,,,,,,,,,,,,,,,,,,,,,,,,,,,,,,,,,,,,,,,,,,,,,,,,,,,,,,,,,,,,,,,,,,,,,,,,,,,,,,,,,,,,,,,,,,,,,741.5627,743.3112,na,TRUE,FALSE,0.99,0.69,0.69,-10.35,0.1,-10.25,-6.8,certain,certain,-6.8,-24.65555556,1,0.3,0.1,left,1.7164,,743.3118,745.3104,745.3106,746.3104,746.3127,747.3109,0,17,17,29,1,,,,,,,,,,,,,,,,,,,,,,,,,,,,,,,,,,,,,,,,,,,,,,,,,,,,,,,,,,,,,,,,,,,,,,,,,,,,,,,,,,,,,,,,,,,,,,,,,,,,,,,,,,,,,,,,,,,,,,,,
,,,2025-01-14_06h52.39.719,Mmi_Reward,2023.2.3,Win32,60.24096386,,,,,,,,,,,,,,,,,,,,,,,,,,,,,,,,,,,,,,,,,,,,,,,,,,,,,,,,,,,,,,,,,,,,,,,,,,,,,,,,,,,,,,,,,,,,,,,,,,,,,,,,,,,,747.3252,748.5442,na,TRUE,TRUE,0.99,0.69,1.38,-11.04,3.6,-7.44,-3.76,gamble,lose,-7.44,-32.09555556,1,0.3,3.6,right,1.1847,,748.5445,750.5439,750.544,751.5437,751.5455,752.5436,0,18,18,53,1,,,,,,,,,,,,,,,,,,,,,,,,,,,,,,,,,,,,,,,,,,,,,,,,,,,,,,,,,,,,,,,,,,,,,,,,,,,,,,,,,,,,,,,,,,,,,,,,,,,,,,,,,,,,,,,,,,,,,,,,
,,,2025-01-14_06h52.39.719,Mmi_Reward,2023.2.3,Win32,60.24096386,,,,,,,,,,,,,,,,,,,,,,,,,,,,,,,,,,,,,,,,,,,,,,,,,,,,,,,,,,,,,,,,,,,,,,,,,,,,,,,,,,,,,,,,,,,,,,,,,,,,,,,,,,,,752.5605,753.9941,na,FALSE,TRUE,0.99,0.69,2.07,2.5875,-0.225,-0.871875,-0.65625,certain,certain,-0.65625,-32.75180556,1,0.3,-0.9,left,1.4034,,753.9944,755.9936,755.9937,756.9938,762.9943,763.9934,0,19,19,22,1,756.9969,757.4935,757.4936,762.9938,0.55,3.2062,,,,,,,,,,,,,,,,,,,,,,,,,,,,,,,,,,,,,,,,,,,,,,,,,,,,,,,,,,,,,,,,,,,,,,,,,,,,,,,,,,,,,,,,,,,,,,,,,,,,,,,,,,,,,,,,,,
,,,2025-01-14_06h52.39.719,Mmi_Reward,2023.2.3,Win32,60.24096386,,,,,,,,,,,,,,,,,,,,,,,,,,,,,,,,,,,,,,,,,,,,,,,,,,,,,,,,,,,,,,,,,,,,,,,,,,,,,,,,,,,,,,,,,,,,,,,,,,,,,,,,,,,,764.0126,766.0105,na,TRUE,TRUE,0.55,0.25,2.32,-5.82,2.1,-3.72,-1.78,certain,certain,-1.78,-34.53180556,1,0.3,2.1,left,1.9626,,766.0111,768.0102,768.0104,769.0096,769.0123,770.0091,0,20,20,11,1,,,,,,,,,,,,,,,,,,,,,,,,,,,,,,,,,,,,,,,,,,,,,,,,,,,,,,,,,,,,,,,,,,,,,,,,,,,,,,,,,,,,,,,,,,,,,,,,,,,,,,,,,,,,,,,,,,,,,,,,
,,,2025-01-14_06h52.39.719,Mmi_Reward,2023.2.3,Win32,60.24096386,,,,,,,,,,,,,,,,,,,,,,,,,,,,,,,,,,,,,,,,,,,,,,,,,,,,,,,,,,,,,,,,,,,,,,,,,,,,,,,,,,,,,,,,,,,,,,,,,,,,,,,,,,,,770.0243,773.0267,na,TRUE,TRUE,0.55,0.25,2.57,-6.07,-2.3,-8.37,-6.346666667,gamble,lose,-8.37,-42.90180556,1,0.3,-2.3,,,,773.0273,775.0261,775.0263,776.0262,782.026,783.0254,0,21,21,55,1,776.0295,776.5258,776.526,782.0258,0.4,2.6986,,,,,,,,,,,,,,,,,,,,,,,,,,,,,,,,,,,,,,,,,,,,,,,,,,,,,,,,,,,,,,,,,,,,,,,,,,,,,,,,,,,,,,,,,,,,,,,,,,,,,,,,,,,,,,,,,,
,,,2025-01-14_06h52.39.719,Mmi_Reward,2023.2.3,Win32,60.24096386,,,,,,,,,,,,,,,,,,,,,,,,,,,,,,,,,,,,,,,,,,,,,,,,,,,,,,,,,,,,,,,,,,,,,,,,,,,,,,,,,,,,,,,,,,,,,,,,,,,,,,,,,,,,783.0471,784.5429,na,TRUE,FALSE,0.4,0.1,2.67,-4.07,0.9,-3.17,-1.813333333,certain,certain,-1.813333333,-44.71513889,1,0.3,0.9,left,1.4608,,784.5436,786.5425,786.5429,787.5426,787.5459,788.5421,0,22,22,13,1,,,,,,,,,,,,,,,,,,,,,,,,,,,,,,,,,,,,,,,,,,,,,,,,,,,,,,,,,,,,,,,,,,,,,,,,,,,,,,,,,,,,,,,,,,,,,,,,,,,,,,,,,,,,,,,,,,,,,,,,
,,,2025-01-14_06h52.39.719,Mmi_Reward,2023.2.3,Win32,60.24096386,,,,,,,,,,,,,,,,,,,,,,,,,,,,,,,,,,,,,,,,,,,,,,,,,,,,,,,,,,,,,,,,,,,,,,,,,,,,,,,,,,,,,,,,,,,,,,,,,,,,,,,,,,,,788.5644,790.2932,na,FALSE,FALSE,0.4,0.1,2.77,0.580833333,0.75,0.604791667,0.653194444,certain,certain,0.653194444,-44.06194444,1,0.3,3,left,1.7074,,790.2939,792.2918,792.292,793.2918,799.2916,800.2918,0,23,23,33,1,793.2958,793.7916,793.7917,799.2912,0.81,3.5636,,,,,,,,,,,,,,,,,,,,,,,,,,,,,,,,,,,,,,,,,,,,,,,,,,,,,,,,,,,,,,,,,,,,,,,,,,,,,,,,,,,,,,,,,,,,,,,,,,,,,,,,,,,,,,,,,,
,,,2025-01-14_06h52.39.719,Mmi_Reward,2023.2.3,Win32,60.24096386,,,,,,,,,,,,,,,,,,,,,,,,,,,,,,,,,,,,,,,,,,,,,,,,,,,,,,,,,,,,,,,,,,,,,,,,,,,,,,,,,,,,,,,,,,,,,,,,,,,,,,,,,,,,800.3173,801.8759,na,FALSE,FALSE,0.81,0.51,3.28,2.058333333,-0.9,-1.414583333,-1.243055556,gamble,win,-0.9,-44.96194444,1,0.3,-3.6,right,1.5157,,801.8768,803.8742,803.8743,804.8745,804.877,805.8744,0,24,24,69,1,,,,,,,,,,,,,,,,,,,,,,,,,,,,,,,,,,,,,,,,,,,,,,,,,,,,,,,,,,,,,,,,,,,,,,,,,,,,,,,,,,,,,,,,,,,,,,,,,,,,,,,,,,,,,,,,,,,,,,,,
,,,2025-01-14_06h52.39.719,Mmi_Reward,2023.2.3,Win32,60.24096386,,,,,,,,,,,,,,,,,,,,,,,,,,,,,,,,,,,,,,,,,,,,,,,,,,,,,,,,,,,,,,,,,,,,,,,,,,,,,,,,,,,,,,,,,,,,,,,,,,,,,,,,,,,,805.8946,808.1081,na,TRUE,FALSE,0.81,0.51,3.79,-10.93,1.2,-9.73,-6.086666667,gamble,lose,-9.73,-54.69194444,1,0.3,1.2,right,2.1756,,808.1085,810.1077,810.108,811.1079,811.1105,812.1077,0,25,25,23,1,,,,,,,,,,,,,,,,,,,,,,,,,,,,,,,,,,,,,,,,,,,,,,,,,,,,,,,,,,,,,,,,,,,,,,,,,,,,,,,,,,,,,,,,,,,,,,,,,,,,,,,,,,,,,,,,,,,,,,,,
,,,2025-01-14_06h52.39.719,Mmi_Reward,2023.2.3,Win32,60.24096386,,,,,,,,,,,,,,,,,,,,,,,,,,,,,,,,,,,,,,,,,,,,,,,,,,,,,,,,,,,,,,,,,,,,,,,,,,,,,,,,,,,,,,,,,,,,,,,,,,,,,,,,,,,,812.1298,813.8916,na,TRUE,TRUE,0.81,0.51,4.3,-11.44,1.3,-10.14,-6.326666667,gamble,lose,-10.14,-64.83194444,1,0.3,1.3,right,1.7265,,813.8922,815.8907,815.8909,816.8905,822.8902,823.8903,0,26,26,26,1,816.8937,817.3906,817.3907,822.89,0,5.1619,,,,,,,,,,,,,,,,,,,,,,,,,,,,,,,,,,,,,,,,,,,,,,,,,,,,,,,,,,,,,,,,,,,,,,,,,,,,,,,,,,,,,,,,,,,,,,,,,,,,,,,,,,,,,,,,,,
,,,2025-01-14_06h52.39.719,Mmi_Reward,2023.2.3,Win32,60.24096386,,,,,,,,,,,,,,,,,,,,,,,,,,,,,,,,,,,,,,,,,,,,,,,,,,,,,,,,,,,,,,,,,,,,,,,,,,,,,,,,,,,,,,,,,,,,,,,,,,,,,,,,,,,,823.9101,825.7416,na,FALSE,TRUE,0,-0.3,4,-0.716666667,-0.270833333,-0.45,-0.390277778,certain,certain,-0.390277778,-65.22222222,1,0.3,-1.8,left,1.7904,,825.7426,827.7403,827.7404,828.7406,828.7433,829.7402,0,27,27,24,1,,,,,,,,,,,,,,,,,,,,,,,,,,,,,,,,,,,,,,,,,,,,,,,,,,,,,,,,,,,,,,,,,,,,,,,,,,,,,,,,,,,,,,,,,,,,,,,,,,,,,,,,,,,,,,,,,,,,,,,,
,,,2025-01-14_06h52.39.719,Mmi_Reward,2023.2.3,Win32,60.24096386,,,,,,,,,,,,,,,,,,,,,,,,,,,,,,,,,,,,,,,,,,,,,,,,,,,,,,,,,,,,,,,,,,,,,,,,,,,,,,,,,,,,,,,,,,,,,,,,,,,,,,,,,,,,829.7609,831.5573,na,TRUE,TRUE,0,-0.3,3.7,0.5,0.1,-0.4,-0.233333333,certain,certain,-0.233333333,-65.45555556,1,0.3,-0.4,left,1.7607,,831.5578,833.5565,833.5567,834.5566,840.5564,841.5558,0,28,28,48,1,834.5599,835.0565,835.0565,840.5561,0.81,5.1922,,,,,,,,,,,,,,,,,,,,,,,,,,,,,,,,,,,,,,,,,,,,,,,,,,,,,,,,,,,,,,,,,,,,,,,,,,,,,,,,,,,,,,,,,,,,,,,,,,,,,,,,,,,,,,,,,,
,,,2025-01-14_06h52.39.719,Mmi_Reward,2023.2.3,Win32,60.24096386,,,,,,,,,,,,,,,,,,,,,,,,,,,,,,,,,,,,,,,,,,,,,,,,,,,,,,,,,,,,,,,,,,,,,,,,,,,,,,,,,,,,,,,,,,,,,,,,,,,,,,,,,,,,841.5758,843.5403,na,FALSE,TRUE,0.81,0.51,4.21,2.135833333,0.875,0.341041667,0.519027778,gamble,win,0.875,-64.58055556,1,0.3,3.5,right,1.9318,,843.5411,845.5401,845.5403,846.54,846.5429,847.5395,0,29,29,6,1,,,,,,,,,,,,,,,,,,,,,,,,,,,,,,,,,,,,,,,,,,,,,,,,,,,,,,,,,,,,,,,,,,,,,,,,,,,,,,,,,,,,,,,,,,,,,,,,,,,,,,,,,,,,,,,,,,,,,,,,
,,,2025-01-14_06h52.39.719,Mmi_Reward,2023.2.3,Win32,60.24096386,,,,,,,,,,,,,,,,,,,,,,,,,,,,,,,,,,,,,,,,,,,,,,,,,,,,,,,,,,,,,,,,,,,,,,,,,,,,,,,,,,,,,,,,,,,,,,,,,,,,,,,,,,,,847.5624,850.0395,na,TRUE,FALSE,0.81,0.51,4.72,-11.86,-0.6,-12.46,-8.506666667,certain,certain,-8.506666667,-73.08722222,1,0.3,-0.6,left,2.4396,,850.0404,852.0391,852.0393,853.0389,859.0388,860.0382,0,30,30,47,1,853.0419,853.5389,853.5389,859.0385,0.36,3.5893,,,,,,,,,,,,,,,,,,,,,,,,,,,,,,,,,,,,,,,,,,,,,,,,,,,,,,,,,,,,,,,,,,,,,,,,,,,,,,,,,,,,,,,,,,,,,,,,,,,,,,,,,,,,,,,,,,
,,,2025-01-14_06h52.39.719,Mmi_Reward,2023.2.3,Win32,60.24096386,,,,,,,,,,,,,,,,,,,,,,,,,,,,,,,,,,,,,,,,,,,,,,,,,,,,,,,,,,,,,,,,,,,,,,,,,,,,,,,,,,,,,,,,,,,,,,,,,,,,,,,,,,,,860.0577,862.3561,na,TRUE,TRUE,0.36,0.06,4.78,-5.62,1.4,-4.22,-2.346666667,gamble,lose,-4.22,-77.30722222,1,0.3,1.4,right,2.2642,,862.3569,864.3553,864.3554,865.3552,865.3571,866.3545,0,31,31,16,1,,,,,,,,,,,,,,,,,,,,,,,,,,,,,,,,,,,,,,,,,,,,,,,,,,,,,,,,,,,,,,,,,,,,,,,,,,,,,,,,,,,,,,,,,,,,,,,,,,,,,,,,,,,,,,,,,,,,,,,,
,,,2025-01-14_06h52.39.719,Mmi_Reward,2023.2.3,Win32,60.24096386,,,,,,,,,,,,,,,,,,,,,,,,,,,,,,,,,,,,,,,,,,,,,,,,,,,,,,,,,,,,,,,,,,,,,,,,,,,,,,,,,,,,,,,,,,,,,,,,,,,,,,,,,,,,866.371,868.2395,na,TRUE,TRUE,0.36,0.06,4.84,-5.68,-0.5,-6.18,-4.286666667,certain,certain,-4.286666667,-81.59388889,1,0.3,-0.5,left,1.8355,,868.2406,870.2383,870.2385,871.2383,871.2407,872.2382,0,32,32,72,1,,,,,,,,,,,,,,,,,,,,,,,,,,,,,,,,,,,,,,,,,,,,,,,,,,,,,,,,,,,,,,,,,,,,,,,,,,,,,,,,,,,,,,,,,,,,,,,,,,,,,,,,,,,,,,,,,,,,,,,,
,,,2025-01-14_06h52.39.719,Mmi_Reward,2023.2.3,Win32,60.24096386,,,,,,,,,,,,,,,,,,,,,,,,,,,,,,,,,,,,,,,,,,,,,,,,,,,,,,,,,,,,,,,,,,,,,,,,,,,,,,,,,,,,,,,,,,,,,,,,,,,,,,,,,,,,872.2669,873.8554,na,TRUE,FALSE,0.36,0.06,4.9,-5.74,3.1,-2.64,-0.726666667,certain,certain,-0.726666667,-82.32055556,1,0.3,3.1,left,1.5518,,873.856,875.8541,875.8542,876.8542,882.8544,883.8538,0,33,33,21,1,876.8573,877.3541,877.3541,882.8541,0.73,3.0054,,,,,,,,,,,,,,,,,,,,,,,,,,,,,,,,,,,,,,,,,,,,,,,,,,,,,,,,,,,,,,,,,,,,,,,,,,,,,,,,,,,,,,,,,,,,,,,,,,,,,,,,,,,,,,,,,,
,,,2025-01-14_06h52.39.719,Mmi_Reward,2023.2.3,Win32,60.24096386,,,,,,,,,,,,,,,,,,,,,,,,,,,,,,,,,,,,,,,,,,,,,,,,,,,,,,,,,,,,,,,,,,,,,,,,,,,,,,,,,,,,,,,,,,,,,,,,,,,,,,,,,,,,883.8735,885.5384,na,TRUE,TRUE,0.73,0.43,5.33,-11.35,2.9,-8.45,-4.666666667,gamble,lose,-8.45,-90.77055556,1,0.3,2.9,right,1.6378,,885.5392,887.5382,887.5383,888.5381,888.5405,889.5387,0,34,34,46,1,,,,,,,,,,,,,,,,,,,,,,,,,,,,,,,,,,,,,,,,,,,,,,,,,,,,,,,,,,,,,,,,,,,,,,,,,,,,,,,,,,,,,,,,,,,,,,,,,,,,,,,,,,,,,,,,,,,,,,,,
,,,2025-01-14_06h52.39.719,Mmi_Reward,2023.2.3,Win32,60.24096386,,,,,,,,,,,,,,,,,,,,,,,,,,,,,,,,,,,,,,,,,,,,,,,,,,,,,,,,,,,,,,,,,,,,,,,,,,,,,,,,,,,,,,,,,,,,,,,,,,,,,,,,,,,,889.5647,890.6247,na,FALSE,FALSE,0.73,0.43,5.76,1.985,0.375,-0.12125,0.044166667,certain,certain,0.044166667,-90.72638889,1,0.3,1.5,left,1.0211,,890.625,892.6204,892.6206,893.6209,899.6203,900.6199,0,35,35,52,1,893.6246,894.1203,894.1204,899.62,0.86,2.8882,,,,,,,,,,,,,,,,,,,,,,,,,,,,,,,,,,,,,,,,,,,,,,,,,,,,,,,,,,,,,,,,,,,,,,,,,,,,,,,,,,,,,,,,,,,,,,,,,,,,,,,,,,,,,,,,,,
,,,2025-01-14_06h52.39.719,Mmi_Reward,2023.2.3,Win32,60.24096386,,,,,,,,,,,,,,,,,,,,,,,,,,,,,,,,,,,,,,,,,,,,,,,,,,,,,,,,,,,,,,,,,,,,,,,,,,,,,,,,,,,,,,,,,,,,,,,,,,,,,,,,,,,,900.6364,902.7705,na,TRUE,TRUE,0.86,0.56,6.32,-14.16,0.7,-13.46,-8.74,gamble,lose,-13.46,-104.1863889,1,0.3,0.7,right,2.0991,,902.771,904.7702,904.7705,905.7693,905.77,906.7704,0,36,36,70,1,,,,,,,,,,,,,,,,,,,,,,,,,,,,,,,,,,,,,,,,,,,,,,,,,,,,,,,,,,,,,,,,,,,,,,,,,,,,,,,,,,,,,,,,,,,,,,,,,,,,,,,,,,,,,,,,,,,,,,,,
,,,2025-01-14_06h52.39.719,Mmi_Reward,2023.2.3,Win32,60.24096386,,,,,,,,,,,,,,,,,,,,,,,,,,,,,,,,,,,,,,,,,,,,,,,,,,,,,,,,,,,,,,,,,,,,,,,,,,,,,,,,,,,,,,,,,,,,,,,,,,,,,,,,,,,,906.7995,908.3706,na,TRUE,TRUE,0.86,0.56,6.88,-14.72,-1.5,-16.22,-11.31333333,gamble,lose,-16.22,-120.4063889,1,0.3,-1.5,right,1.5255,,908.3714,910.3694,910.3696,911.3696,911.3719,912.3693,0,37,37,65,1,,,,,,,,,,,,,,,,,,,,,,,,,,,,,,,,,,,,,,,,,,,,,,,,,,,,,,,,,,,,,,,,,,,,,,,,,,,,,,,,,,,,,,,,,,,,,,,,,,,,,,,,,,,,,,,,,,,,,,,,
,,,2025-01-14_06h52.39.719,Mmi_Reward,2023.2.3,Win32,60.24096386,,,,,,,,,,,,,,,,,,,,,,,,,,,,,,,,,,,,,,,,,,,,,,,,,,,,,,,,,,,,,,,,,,,,,,,,,,,,,,,,,,,,,,,,,,,,,,,,,,,,,,,,,,,,912.3888,914.2364,na,FALSE,FALSE,0.86,0.56,7.44,2.58,-0.975,-1.62,-1.405,gamble,win,-0.975,-121.3813889,1,0.3,-3.9,right,1.8159,,914.2369,916.2363,916.2363,917.2358,923.2357,924.2351,0,38,38,38,1,917.2388,917.7358,917.7358,923.2354,0.86,3.0905,,,,,,,,,,,,,,,,,,,,,,,,,,,,,,,,,,,,,,,,,,,,,,,,,,,,,,,,,,,,,,,,,,,,,,,,,,,,,,,,,,,,,,,,,,,,,,,,,,,,,,,,,,,,,,,,,,
,,,2025-01-14_06h52.39.719,Mmi_Reward,2023.2.3,Win32,60.24096386,,,,,,,,,,,,,,,,,,,,,,,,,,,,,,,,,,,,,,,,,,,,,,,,,,,,,,,,,,,,,,,,,,,,,,,,,,,,,,,,,,,,,,,,,,,,,,,,,,,,,,,,,,,,924.2494,926.2355,na,TRUE,FALSE,0.86,0.56,8,-15.84,-1.7,-17.54,-12.26,certain,certain,-12.26,-133.6413889,1,0.3,-1.7,left,1.954,,926.2361,928.2351,928.2352,929.2351,929.237,930.2349,0,39,39,17,1,,,,,,,,,,,,,,,,,,,,,,,,,,,,,,,,,,,,,,,,,,,,,,,,,,,,,,,,,,,,,,,,,,,,,,,,,,,,,,,,,,,,,,,,,,,,,,,,,,,,,,,,,,,,,,,,,,,,,,,,
,,,2025-01-14_06h52.39.719,Mmi_Reward,2023.2.3,Win32,60.24096386,,,,,,,,,,,,,,,,,,,,,,,,,,,,,,,,,,,,,,,,,,,,,,,,,,,,,,,,,,,,,,,,,,,,,,,,,,,,,,,,,,,,,,,,,,,,,,,,,,,,,,,,,,,,930.2518,931.6188,na,TRUE,FALSE,0.86,0.56,8.56,-16.4,-1.2,-17.6,-12.13333333,certain,certain,-12.13333333,-145.7747222,1,0.3,-1.2,left,1.333,,931.6192,933.6188,933.6189,934.6194,940.619,941.6183,0,40,40,57,1,934.6224,935.1186,935.1191,940.6188,0.35,3.4782,,,,,,,,,,,,,,,,,,,,,,,,,,,,,,,,,,,,,,,,,,,,,,,,,,,,,,,,,,,,,,,,,,,,,,,,,,,,,,,,,,,,,,,,,,,,,,,,,,,,,,,,,,,,,,,,,,
,,,2025-01-14_06h52.39.719,Mmi_Reward,2023.2.3,Win32,60.24096386,,,,,,,,,,,,,,,,,,,,,,,,,,,,,,,,,,,,,,,,,,,,,,,,,,,,,,,,,,,,,,,,,,,,,,,,,,,,,,,,,,,,,,,,,,,,,,,,,,,,,,,,,,,,941.6377,943.3023,na,TRUE,FALSE,0.35,0.05,8.61,-9.31,-1.4,-10.71,-7.606666667,certain,certain,-7.606666667,-153.3813889,1,0.3,-1.4,left,1.6283,,943.3026,945.3022,945.3024,946.3021,946.3045,947.3013,0,41,41,1,1,,,,,,,,,,,,,,,,,,,,,,,,,,,,,,,,,,,,,,,,,,,,,,,,,,,,,,,,,,,,,,,,,,,,,,,,,,,,,,,,,,,,,,,,,,,,,,,,,,,,,,,,,,,,,,,,,,,,,,,,
,,,2025-01-14_06h52.39.719,Mmi_Reward,2023.2.3,Win32,60.24096386,,,,,,,,,,,,,,,,,,,,,,,,,,,,,,,,,,,,,,,,,,,,,,,,,,,,,,,,,,,,,,,,,,,,,,,,,,,,,,,,,,,,,,,,,,,,,,,,,,,,,,,,,,,,947.3214,948.9014,na,FALSE,FALSE,0.35,0.05,8.66,0.896666667,-0.675,-0.899166667,-0.824444444,gamble,win,-0.675,-154.0563889,1,0.3,-2.7,right,1.5468,,948.902,950.9011,950.9013,951.9016,957.901,958.9005,0,42,42,60,1,951.9058,952.4012,952.4014,957.9007,0.63,3.9798,,,,,,,,,,,,,,,,,,,,,,,,,,,,,,,,,,,,,,,,,,,,,,,,,,,,,,,,,,,,,,,,,,,,,,,,,,,,,,,,,,,,,,,,,,,,,,,,,,,,,,,,,,,,,,,,,,
,,,2025-01-14_06h52.39.719,Mmi_Reward,2023.2.3,Win32,60.24096386,,,,,,,,,,,,,,,,,,,,,,,,,,,,,,,,,,,,,,,,,,,,,,,,,,,,,,,,,,,,,,,,,,,,,,,,,,,,,,,,,,,,,,,,,,,,,,,,,,,,,,,,,,,,958.9168,960.2347,na,FALSE,TRUE,0.63,0.33,8.99,1.904166667,-1,-1.476041667,-1.317361111,gamble,win,-1,-155.0563889,1,0.3,-4,right,1.2819,,960.2353,962.2342,962.2342,963.2338,963.2359,964.2333,0,43,43,8,1,,,,,,,,,,,,,,,,,,,,,,,,,,,,,,,,,,,,,,,,,,,,,,,,,,,,,,,,,,,,,,,,,,,,,,,,,,,,,,,,,,,,,,,,,,,,,,,,,,,,,,,,,,,,,,,,,,,,,,,,
,,,2025-01-14_06h52.39.719,Mmi_Reward,2023.2.3,Win32,60.24096386,,,,,,,,,,,,,,,,,,,,,,,,,,,,,,,,,,,,,,,,,,,,,,,,,,,,,,,,,,,,,,,,,,,,,,,,,,,,,,,,,,,,,,,,,,,,,,,,,,,,,,,,,,,,964.2521,965.8343,na,TRUE,TRUE,0.63,0.33,9.32,-13.94,3.3,-10.64,-5.993333333,gamble,lose,-10.64,-165.6963889,1,0.3,3.3,right,1.5484,,965.8348,967.8334,967.8335,968.8326,968.8342,969.8354,0,44,44,61,1,,,,,,,,,,,,,,,,,,,,,,,,,,,,,,,,,,,,,,,,,,,,,,,,,,,,,,,,,,,,,,,,,,,,,,,,,,,,,,,,,,,,,,,,,,,,,,,,,,,,,,,,,,,,,,,,,,,,,,,,
,,,2025-01-14_06h52.39.719,Mmi_Reward,2023.2.3,Win32,60.24096386,,,,,,,,,,,,,,,,,,,,,,,,,,,,,,,,,,,,,,,,,,,,,,,,,,,,,,,,,,,,,,,,,,,,,,,,,,,,,,,,,,,,,,,,,,,,,,,,,,,,,,,,,,,,969.8539,970.7177,na,FALSE,TRUE,0.63,0.33,9.65,1.959166667,-0.65,-1.139791667,-0.976527778,gamble,win,-0.65,-166.3463889,1,0.3,-2.6,right,0.8401,,970.7186,972.7168,972.7171,973.7177,979.7165,980.7163,0,45,45,58,1,973.721,974.2164,974.2165,979.7162,0.7,2.6939,,,,,,,,,,,,,,,,,,,,,,,,,,,,,,,,,,,,,,,,,,,,,,,,,,,,,,,,,,,,,,,,,,,,,,,,,,,,,,,,,,,,,,,,,,,,,,,,,,,,,,,,,,,,,,,,,,
,,,2025-01-14_06h52.39.719,Mmi_Reward,2023.2.3,Win32,60.24096386,,,,,,,,,,,,,,,,,,,,,,,,,,,,,,,,,,,,,,,,,,,,,,,,,,,,,,,,,,,,,,,,,,,,,,,,,,,,,,,,,,,,,,,,,,,,,,,,,,,,,,,,,,,,980.7432,982.4338,na,FALSE,TRUE,0.7,0.4,10.05,2.2375,0.5,-0.059375,0.127083333,gamble,win,0.5,-165.8463889,1,0.3,2,right,1.6525,,982.4346,984.4332,984.4334,985.433,985.4353,986.4328,0,46,46,42,1,,,,,,,,,,,,,,,,,,,,,,,,,,,,,,,,,,,,,,,,,,,,,,,,,,,,,,,,,,,,,,,,,,,,,,,,,,,,,,,,,,,,,,,,,,,,,,,,,,,,,,,,,,,,,,,,,,,,,,,,
,,,2025-01-14_06h52.39.719,Mmi_Reward,2023.2.3,Win32,60.24096386,,,,,,,,,,,,,,,,,,,,,,,,,,,,,,,,,,,,,,,,,,,,,,,,,,,,,,,,,,,,,,,,,,,,,,,,,,,,,,,,,,,,,,,,,,,,,,,,,,,,,,,,,,,,986.4486,988.5002,na,TRUE,TRUE,0.7,0.4,10.45,-16.05,2.5,-13.55,-8.2,certain,certain,-8.2,-174.0463889,1,0.3,2.5,left,2.0173,,988.5005,990.499,990.4992,991.4999,997.5,998.4998,0,47,47,62,1,991.5029,992,992.0001,997.4997,0.67,2.8963,,,,,,,,,,,,,,,,,,,,,,,,,,,,,,,,,,,,,,,,,,,,,,,,,,,,,,,,,,,,,,,,,,,,,,,,,,,,,,,,,,,,,,,,,,,,,,,,,,,,,,,,,,,,,,,,,,
,,,2025-01-14_06h52.39.719,Mmi_Reward,2023.2.3,Win32,60.24096386,,,,,,,,,,,,,,,,,,,,,,,,,,,,,,,,,,,,,,,,,,,,,,,,,,,,,,,,,,,,,,,,,,,,,,,,,,,,,,,,,,,,,,,,,,,,,,,,,,,,,,,,,,,,998.5268,1001.5157,na,TRUE,TRUE,0.67,0.37,10.82,-16,-3.5,-19.5,-14.16666667,gamble,lose,-19.5,-193.5463889,1,0.3,-3.5,,,,1001.5164,1003.5157,1003.5158,1004.5152,1004.5177,1005.5148,0,48,48,45,1,,,,,,,,,,,,,,,,,,,,,,,,,,,,,,,,,,,,,,,,,,,,,,,,,,,,,,,,,,,,,,,,,,,,,,,,,,,,,,,,,,,,,,,,,,,,,,,,,,,,,,,,,,,,,,,,,,,,,,,,
,,,2025-01-14_06h52.39.719,Mmi_Reward,2023.2.3,Win32,60.24096386,,,,,,,,,,,,,,,,,,,,,,,,,,,,,,,,,,,,,,,,,,,,,,,,,,,,,,,,,,,,,,,,,,,,,,,,,,,,,,,,,,,,,,,,,,,,,,,,,,,,,,,,,,,,1005.5373,1007.2323,na,TRUE,FALSE,0.67,0.37,11.19,-16.37,0.5,-15.87,-10.41333333,certain,certain,-10.41333333,-203.9597222,1,0.3,0.5,left,1.6578,,1007.2328,1009.2323,1009.2324,1010.2318,1016.2319,1017.2311,0,49,49,37,1,1010.2357,1010.7314,1010.7315,1016.2317,0.34,3.6758,,,,,,,,,,,,,,,,,,,,,,,,,,,,,,,,,,,,,,,,,,,,,,,,,,,,,,,,,,,,,,,,,,,,,,,,,,,,,,,,,,,,,,,,,,,,,,,,,,,,,,,,,,,,,,,,,,
,,,2025-01-14_06h52.39.719,Mmi_Reward,2023.2.3,Win32,60.24096386,,,,,,,,,,,,,,,,,,,,,,,,,,,,,,,,,,,,,,,,,,,,,,,,,,,,,,,,,,,,,,,,,,,,,,,,,,,,,,,,,,,,,,,,,,,,,,,,,,,,,,,,,,,,1017.2473,1019.5816,na,FALSE,TRUE,0.34,0.04,11.23,1.075833333,-0.5,-0.768958333,-0.679305556,certain,certain,-0.679305556,-204.6390278,1,0.3,-2,left,2.2988,,1019.582,1021.5826,1021.5828,1022.5812,1022.5834,1023.5808,0,50,50,30,1,,,,,,,,,,,,,,,,,,,,,,,,,,,,,,,,,,,,,,,,,,,,,,,,,,,,,,,,,,,,,,,,,,,,,,,,,,,,,,,,,,,,,,,,,,,,,,,,,,,,,,,,,,,,,,,,,,,,,,,,
,,,2025-01-14_06h52.39.719,Mmi_Reward,2023.2.3,Win32,60.24096386,,,,,,,,,,,,,,,,,,,,,,,,,,,,,,,,,,,,,,,,,,,,,,,,,,,,,,,,,,,,,,,,,,,,,,,,,,,,,,,,,,,,,,,,,,,,,,,,,,,,,,,,,,,,1023.601,1025.4813,na,TRUE,FALSE,0.34,0.04,11.27,-11.83,-0.1,-11.93,-7.986666667,certain,certain,-7.986666667,-212.6256944,1,0.3,-0.1,left,1.8465,,1025.4818,1027.4817,1027.4818,1028.4815,1028.4843,1029.4812,0,51,51,43,1,,,,,,,,,,,,,,,,,,,,,,,,,,,,,,,,,,,,,,,,,,,,,,,,,,,,,,,,,,,,,,,,,,,,,,,,,,,,,,,,,,,,,,,,,,,,,,,,,,,,,,,,,,,,,,,,,,,,,,,,
,,,2025-01-14_06h52.39.719,Mmi_Reward,2023.2.3,Win32,60.24096386,,,,,,,,,,,,,,,,,,,,,,,,,,,,,,,,,,,,,,,,,,,,,,,,,,,,,,,,,,,,,,,,,,,,,,,,,,,,,,,,,,,,,,,,,,,,,,,,,,,,,,,,,,,,1029.4979,1031.8979,na,FALSE,TRUE,0.34,0.04,11.31,1.0825,0.2,-0.070625,0.019583333,gamble,win,0.2,-212.4256944,1,0.3,0.8,right,2.3648,,1031.8983,1033.8972,1033.8974,1034.8969,1040.8974,1041.8966,0,52,52,44,1,1034.8998,1035.3969,1035.3971,1040.8971,0.77,3.5888,,,,,,,,,,,,,,,,,,,,,,,,,,,,,,,,,,,,,,,,,,,,,,,,,,,,,,,,,,,,,,,,,,,,,,,,,,,,,,,,,,,,,,,,,,,,,,,,,,,,,,,,,,,,,,,,,,
,,,2025-01-14_06h52.39.719,Mmi_Reward,2023.2.3,Win32,60.24096386,,,,,,,,,,,,,,,,,,,,,,,,,,,,,,,,,,,,,,,,,,,,,,,,,,,,,,,,,,,,,,,,,,,,,,,,,,,,,,,,,,,,,,,,,,,,,,,,,,,,,,,,,,,,1041.9192,1044.0167,na,TRUE,FALSE,0.77,0.47,11.78,-18.36,-3.8,-22.16,-16.04,certain,certain,-16.04,-228.4656944,1,0.3,-3.8,left,2.0688,,1044.0173,1046.0131,1046.0131,1047.0132,1047.0154,1048.0127,0,53,53,15,1,,,,,,,,,,,,,,,,,,,,,,,,,,,,,,,,,,,,,,,,,,,,,,,,,,,,,,,,,,,,,,,,,,,,,,,,,,,,,,,,,,,,,,,,,,,,,,,,,,,,,,,,,,,,,,,,,,,,,,,,
,,,2025-01-14_06h52.39.719,Mmi_Reward,2023.2.3,Win32,60.24096386,,,,,,,,,,,,,,,,,,,,,,,,,,,,,,,,,,,,,,,,,,,,,,,,,,,,,,,,,,,,,,,,,,,,,,,,,,,,,,,,,,,,,,,,,,,,,,,,,,,,,,,,,,,,1048.0264,1049.5472,na,TRUE,FALSE,0.77,0.47,12.25,-18.83,0.6,-18.23,-11.95333333,gamble,lose,-18.23,-246.6956944,1,0.3,0.6,right,1.4919,,1049.5479,1051.5465,1051.5466,1052.5466,1058.546,1059.5453,0,54,54,19,1,1052.551,1053.0461,1053.0462,1058.5457,0.08,3.3449,,,,,,,,,,,,,,,,,,,,,,,,,,,,,,,,,,,,,,,,,,,,,,,,,,,,,,,,,,,,,,,,,,,,,,,,,,,,,,,,,,,,,,,,,,,,,,,,,,,,,,,,,,,,,,,,,,
,,,2025-01-14_06h52.39.719,Mmi_Reward,2023.2.3,Win32,60.24096386,,,,,,,,,,,,,,,,,,,,,,,,,,,,,,,,,,,,,,,,,,,,,,,,,,,,,,,,,,,,,,,,,,,,,,,,,,,,,,,,,,,,,,,,,,,,,,,,,,,,,,,,,,,,1059.5624,1060.846,na,TRUE,TRUE,0.08,-0.22,12.03,-8.95,5.65,-3.3,-0.316666667,gamble,win,5.65,-241.0456944,1,0.3,-3.3,right,1.2511,,1060.8464,1062.8457,1062.8458,1063.8456,1063.8474,1064.8452,0,55,55,73,1,,,,,,,,,,,,,,,,,,,,,,,,,,,,,,,,,,,,,,,,,,,,,,,,,,,,,,,,,,,,,,,,,,,,,,,,,,,,,,,,,,,,,,,,,,,,,,,,,,,,,,,,,,,,,,,,,,,,,,,,
,,,2025-01-14_06h52.39.719,Mmi_Reward,2023.2.3,Win32,60.24096386,,,,,,,,,,,,,,,,,,,,,,,,,,,,,,,,,,,,,,,,,,,,,,,,,,,,,,,,,,,,,,,,,,,,,,,,,,,,,,,,,,,,,,,,,,,,,,,,,,,,,,,,,,,,1064.8599,1066.3958,na,FALSE,FALSE,0.08,-0.22,11.81,0.214166667,-0.546458333,-0.6,-0.582152778,gamble,lose,-0.6,-241.6456944,1,0.3,-2.4,right,1.5029,,1066.3962,1068.396,1068.3962,1069.3957,1069.3985,1070.3954,0,56,56,0,1,,,,,,,,,,,,,,,,,,,,,,,,,,,,,,,,,,,,,,,,,,,,,,,,,,,,,,,,,,,,,,,,,,,,,,,,,,,,,,,,,,,,,,,,,,,,,,,,,,,,,,,,,,,,,,,,,,,,,,,,
,,,2025-01-14_06h52.39.719,Mmi_Reward,2023.2.3,Win32,60.24096386,,,,,,,,,,,,,,,,,,,,,,,,,,,,,,,,,,,,,,,,,,,,,,,,,,,,,,,,,,,,,,,,,,,,,,,,,,,,,,,,,,,,,,,,,,,,,,,,,,,,,,,,,,,,1070.4202,1072.2958,na,TRUE,FALSE,0.08,-0.22,11.59,-8.51,6.61,-1.9,0.936666667,certain,certain,0.936666667,-240.7090278,1,0.3,-1.9,left,1.8396,,1072.2962,1074.296,1074.2961,1075.297,1081.2948,1082.2958,0,57,57,54,1,1075.3004,1075.7965,1075.7966,1081.2946,0.89,5.1754,,,,,,,,,,,,,,,,,,,,,,,,,,,,,,,,,,,,,,,,,,,,,,,,,,,,,,,,,,,,,,,,,,,,,,,,,,,,,,,,,,,,,,,,,,,,,,,,,,,,,,,,,,,,,,,,,,
,,,2025-01-14_06h52.39.719,Mmi_Reward,2023.2.3,Win32,60.24096386,,,,,,,,,,,,,,,,,,,,,,,,,,,,,,,,,,,,,,,,,,,,,,,,,,,,,,,,,,,,,,,,,,,,,,,,,,,,,,,,,,,,,,,,,,,,,,,,,,,,,,,,,,,,1082.3205,1084.079,na,FALSE,FALSE,0.89,0.59,12.18,3.08,0,-0.77,-0.513333333,gamble,win,0,-240.7090278,1,0.3,0,right,1.7344,,1084.0802,1086.078,1086.0785,1087.079,1087.0812,1088.0786,0,58,58,7,1,,,,,,,,,,,,,,,,,,,,,,,,,,,,,,,,,,,,,,,,,,,,,,,,,,,,,,,,,,,,,,,,,,,,,,,,,,,,,,,,,,,,,,,,,,,,,,,,,,,,,,,,,,,,,,,,,,,,,,,,
,,,2025-01-14_06h52.39.719,Mmi_Reward,2023.2.3,Win32,60.24096386,,,,,,,,,,,,,,,,,,,,,,,,,,,,,,,,,,,,,,,,,,,,,,,,,,,,,,,,,,,,,,,,,,,,,,,,,,,,,,,,,,,,,,,,,,,,,,,,,,,,,,,,,,,,1088.0984,1090.2294,na,TRUE,TRUE,0.89,0.59,12.77,-21.03,0.3,-20.73,-13.72,gamble,lose,-20.73,-261.4390278,1,0.3,0.3,right,2.1014,,1090.2299,1092.2276,1092.2278,1093.2279,1099.2282,1100.2266,0,59,59,50,1,1093.2319,1093.7273,1093.7274,1099.2268,0.01,,,,,,,,,,,,,,,,,,,,,,,,,,,,,,,,,,,,,,,,,,,,,,,,,,,,,,,,,,,,,,,,,,,,,,,,,,,,,,,,,,,,,,,,,,,,,,,,,,,,,,,,,,,,,,,,,,,
,,,2025-01-14_06h52.39.719,Mmi_Reward,2023.2.3,Win32,60.24096386,,,,,,,,,,,,,,,,,,,,,,,,,,,,,,,,,,,,,,,,,,,,,,,,,,,,,,,,,,,,,,,,,,,,,,,,,,,,,,,,,,,,,,,,,,,,,,,,,,,,,,,,,,,,1100.2419,1102.8111,na,TRUE,TRUE,0.01,-0.29,12.48,-8.42,10.82,2.4,5.206666667,gamble,win,10.82,-250.6190278,1,0.3,2.4,right,2.548,,1102.8117,1104.8103,1104.8104,1105.8113,1105.8133,1106.8105,0,60,60,10,1,,,,,,,,,,,,,,,,,,,,,,,,,,,,,,,,,,,,,,,,,,,,,,,,,,,,,,,,,,,,,,,,,,,,,,,,,,,,,,,,,,,,,,,,,,,,,,,,,,,,,,,,,,,,,,,,,,,,,,,,
,,,2025-01-14_06h52.39.719,Mmi_Reward,2023.2.3,Win32,60.24096386,,,,,,,,,,,,,,,,,,,,,,,,,,,,,,,,,,,,,,,,,,,,,,,,,,,,,,,,,,,,,,,,,,,,,,,,,,,,,,,,,,,,,,,,,,,,,,,,,,,,,,,,,,,,1106.8296,1108.9779,na,TRUE,FALSE,0.01,-0.29,12.19,-8.13,7.03,-1.1,1.61,gamble,win,7.03,-243.5890278,1,0.3,-1.1,right,2.1194,,1108.9784,1110.9772,1110.9772,1111.9768,1117.9768,1118.9759,0,61,61,14,1,1111.9803,1112.4765,1112.4765,1117.9766,1,3.8583,,,,,,,,,,,,,,,,,,,,,,,,,,,,,,,,,,,,,,,,,,,,,,,,,,,,,,,,,,,,,,,,,,,,,,,,,,,,,,,,,,,,,,,,,,,,,,,,,,,,,,,,,,,,,,,,,,
,,,2025-01-14_06h52.39.719,Mmi_Reward,2023.2.3,Win32,60.24096386,,,,,,,,,,,,,,,,,,,,,,,,,,,,,,,,,,,,,,,,,,,,,,,,,,,,,,,,,,,,,,,,,,,,,,,,,,,,,,,,,,,,,,,,,,,,,,,,,,,,,,,,,,,,1118.9887,1120.7632,na,FALSE,TRUE,1,0.7,12.89,3.524166667,-0.75,-1.631041667,-1.337361111,gamble,win,-0.75,-244.3390278,1,0.3,-3,right,1.7462,,1120.764,1122.7597,1122.7599,1123.7596,1123.7617,1124.7592,0,62,62,66,1,,,,,,,,,,,,,,,,,,,,,,,,,,,,,,,,,,,,,,,,,,,,,,,,,,,,,,,,,,,,,,,,,,,,,,,,,,,,,,,,,,,,,,,,,,,,,,,,,,,,,,,,,,,,,,,,,,,,,,,,
,,,2025-01-14_06h52.39.719,Mmi_Reward,2023.2.3,Win32,60.24096386,,,,,,,,,,,,,,,,,,,,,,,,,,,,,,,,,,,,,,,,,,,,,,,,,,,,,,,,,,,,,,,,,,,,,,,,,,,,,,,,,,,,,,,,,,,,,,,,,,,,,,,,,,,,1124.7791,1126.4601,na,FALSE,FALSE,1,0.7,13.59,3.5825,0.55,-0.345625,-0.047083333,gamble,win,0.55,-243.7890278,1,0.3,2.2,right,1.6485,,1126.4607,1128.4602,1128.4603,1129.4595,1129.4628,1130.4589,0,63,63,32,1,,,,,,,,,,,,,,,,,,,,,,,,,,,,,,,,,,,,,,,,,,,,,,,,,,,,,,,,,,,,,,,,,,,,,,,,,,,,,,,,,,,,,,,,,,,,,,,,,,,,,,,,,,,,,,,,,,,,,,,,
,,,2025-01-14_06h52.39.719,Mmi_Reward,2023.2.3,Win32,60.24096386,,,,,,,,,,,,,,,,,,,,,,,,,,,,,,,,,,,,,,,,,,,,,,,,,,,,,,,,,,,,,,,,,,,,,,,,,,,,,,,,,,,,,,,,,,,,,,,,,,,,,,,,,,,,1130.4795,1132.3608,na,TRUE,FALSE,1,0.7,14.29,-24.09,3.7,-20.39,-12.36,gamble,lose,-20.39,-264.1790278,1,0.3,3.7,right,1.8562,,1132.3615,1134.3594,1134.3596,1135.3594,1141.3585,1142.3585,0,64,64,2,1,1135.3639,1135.8588,1135.8589,1141.3582,0.18,3.3413,,,,,,,,,,,,,,,,,,,,,,,,,,,,,,,,,,,,,,,,,,,,,,,,,,,,,,,,,,,,,,,,,,,,,,,,,,,,,,,,,,,,,,,,,,,,,,,,,,,,,,,,,,,,,,,,,,
,,,2025-01-14_06h52.39.719,Mmi_Reward,2023.2.3,Win32,60.24096386,,,,,,,,,,,,,,,,,,,,,,,,,,,,,,,,,,,,,,,,,,,,,,,,,,,,,,,,,,,,,,,,,,,,,,,,,,,,,,,,,,,,,,,,,,,,,,,,,,,,,,,,,,,,1142.3812,1143.8922,na,FALSE,TRUE,0.18,-0.12,14.17,0.760833333,1.040208333,0.85,0.913402778,gamble,lose,0.85,-263.3290278,1,0.3,3.4,right,1.4808,,1143.8929,1145.8918,1145.8919,1146.8925,1146.8946,1147.892,0,65,65,59,1,,,,,,,,,,,,,,,,,,,,,,,,,,,,,,,,,,,,,,,,,,,,,,,,,,,,,,,,,,,,,,,,,,,,,,,,,,,,,,,,,,,,,,,,,,,,,,,,,,,,,,,,,,,,,,,,,,,,,,,,
,,,2025-01-14_06h52.39.719,Mmi_Reward,2023.2.3,Win32,60.24096386,,,,,,,,,,,,,,,,,,,,,,,,,,,,,,,,,,,,,,,,,,,,,,,,,,,,,,,,,,,,,,,,,,,,,,,,,,,,,,,,,,,,,,,,,,,,,,,,,,,,,,,,,,,,1147.91,1149.4419,na,TRUE,TRUE,0.18,-0.12,14.05,-12.37,9.57,-2.8,1.323333333,gamble,win,9.57,-253.7590278,1,0.3,-2.8,right,1.4991,,1149.4424,1151.4423,1151.4428,1152.4416,1158.4405,1159.4412,0,66,66,18,1,1152.4453,1152.9412,1152.9413,1158.4404,0.99,3.8137,,,,,,,,,,,,,,,,,,,,,,,,,,,,,,,,,,,,,,,,,,,,,,,,,,,,,,,,,,,,,,,,,,,,,,,,,,,,,,,,,,,,,,,,,,,,,,,,,,,,,,,,,,,,,,,,,,
,,,2025-01-14_06h52.39.719,Mmi_Reward,2023.2.3,Win32,60.24096386,,,,,,,,,,,,,,,,,,,,,,,,,,,,,,,,,,,,,,,,,,,,,,,,,,,,,,,,,,,,,,,,,,,,,,,,,,,,,,,,,,,,,,,,,,,,,,,,,,,,,,,,,,,,1159.4667,1160.9421,na,FALSE,TRUE,0.99,0.69,14.74,3.643333333,0.05,-0.860833333,-0.557222222,gamble,win,0.05,-253.7090278,1,0.3,0.2,right,1.4355,,1160.943,1162.9411,1162.9414,1163.9407,1163.9438,1164.9409,0,67,67,12,1,,,,,,,,,,,,,,,,,,,,,,,,,,,,,,,,,,,,,,,,,,,,,,,,,,,,,,,,,,,,,,,,,,,,,,,,,,,,,,,,,,,,,,,,,,,,,,,,,,,,,,,,,,,,,,,,,,,,,,,,
,,,2025-01-14_06h52.39.719,Mmi_Reward,2023.2.3,Win32,60.24096386,,,,,,,,,,,,,,,,,,,,,,,,,,,,,,,,,,,,,,,,,,,,,,,,,,,,,,,,,,,,,,,,,,,,,,,,,,,,,,,,,,,,,,,,,,,,,,,,,,,,,,,,,,,,1164.9644,1167.1578,na,TRUE,FALSE,0.99,0.69,15.43,-25.09,0.4,-24.69,-16.32666667,gamble,lose,-24.69,-278.3990278,1,0.3,0.4,right,2.1641,,1167.1585,1169.1583,1169.1585,1170.1578,1170.1622,1171.1567,0,68,68,5,1,,,,,,,,,,,,,,,,,,,,,,,,,,,,,,,,,,,,,,,,,,,,,,,,,,,,,,,,,,,,,,,,,,,,,,,,,,,,,,,,,,,,,,,,,,,,,,,,,,,,,,,,,,,,,,,,,,,,,,,,
,,,2025-01-14_06h52.39.719,Mmi_Reward,2023.2.3,Win32,60.24096386,,,,,,,,,,,,,,,,,,,,,,,,,,,,,,,,,,,,,,,,,,,,,,,,,,,,,,,,,,,,,,,,,,,,,,,,,,,,,,,,,,,,,,,,,,,,,,,,,,,,,,,,,,,,1171.18,1172.4577,na,FALSE,FALSE,0.99,0.69,16.12,3.758333333,0.425,-0.514583333,-0.201388889,gamble,win,0.425,-277.9740278,1,0.3,1.7,right,1.2524,,1172.4586,1174.4576,1174.4577,1175.4571,1181.4575,1182.4558,0,69,69,25,1,1175.4609,1175.9569,1175.9569,1181.4571,0.53,4.1909,,,,,,,,,,,,,,,,,,,,,,,,,,,,,,,,,,,,,,,,,,,,,,,,,,,,,,,,,,,,,,,,,,,,,,,,,,,,,,,,,,,,,,,,,,,,,,,,,,,,,,,,,,,,,,,,,,
,,,2025-01-14_06h52.39.719,Mmi_Reward,2023.2.3,Win32,60.24096386,,,,,,,,,,,,,,,,,,,,,,,,,,,,,,,,,,,,,,,,,,,,,,,,,,,,,,,,,,,,,,,,,,,,,,,,,,,,,,,,,,,,,,,,,,,,,,,,,,,,,,,,,,,,1182.4677,1183.9901,na,TRUE,TRUE,0.53,0.23,16.35,-19.57,-3.7,-23.27,-16.74666667,gamble,lose,-23.27,-301.2440278,1,0.3,-3.7,right,1.4986,,1183.9906,1185.9898,1185.9899,1186.9899,1186.992,1187.9895,0,70,70,31,1,,,,,,,,,,,,,,,,,,,,,,,,,,,,,,,,,,,,,,,,,,,,,,,,,,,,,,,,,,,,,,,,,,,,,,,,,,,,,,,,,,,,,,,,,,,,,,,,,,,,,,,,,,,,,,,,,,,,,,,,
,,,2025-01-14_06h52.39.719,Mmi_Reward,2023.2.3,Win32,60.24096386,,,,,,,,,,,,,,,,,,,,,,,,,,,,,,,,,,,,,,,,,,,,,,,,,,,,,,,,,,,,,,,,,,,,,,,,,,,,,,,,,,,,,,,,,,,,,,,,,,,,,,,,,,,,1188.0081,1190.4414,na,TRUE,FALSE,0.53,0.23,16.58,-19.8,-0.3,-20.1,-13.5,certain,certain,-13.5,-314.7440278,1,0.3,-0.3,left,2.3984,,1190.4419,1192.4397,1192.4398,1193.4397,1199.4389,1200.4395,0,71,71,74,1,1193.4434,1193.9393,1193.9395,1199.4387,0.53,2.4594,,,,,,,,,,,,,,,,,,,,,,,,,,,,,,,,,,,,,,,,,,,,,,,,,,,,,,,,,,,,,,,,,,,,,,,,,,,,,,,,,,,,,,,,,,,,,,,,,,,,,,,,,,,,,,,,,,
,,,2025-01-14_06h52.39.719,Mmi_Reward,2023.2.3,Win32,60.24096386,,,,,,,,,,,,,,,,,,,,,,,,,,,,,,,,,,,,,,,,,,,,,,,,,,,,,,,,,,,,,,,,,,,,,,,,,,,,,,,,,,,,,,,,,,,,,,,,,,,,,,,,,,,,1200.4661,1201.2063,na,FALSE,TRUE,0.53,0.23,16.81,2.205833333,0.45,-0.101458333,0.082361111,gamble,win,0.45,-314.2940278,1,0.3,1.8,right,0.7114,,1201.2072,1203.2061,1203.2062,1204.2062,1204.2093,1205.2056,0,72,72,28,1,,,,,,,,,,,,,,,,,,,,,,,,,,,,,,,,,,,,,,,,,,,,,,,,,,,,,,,,,,,,,,,,,,,,,,,,,,,,,,,,,,,,,,,,,,,,,,,,,,,,,,,,,,,,,,,,,,,,,,,,
,,,2025-01-14_06h52.39.719,Mmi_Reward,2023.2.3,Win32,60.24096386,,,,,,,,,,,,,,,,,,,,,,,,,,,,,,,,,,,,,,,,,,,,,,,,,,,,,,,,,,,,,,,,,,,,,,,,,,,,,,,,,,,,,,,,,,,,,,,,,,,,,,,,,,,,1205.2324,1207.0561,na,TRUE,FALSE,0.53,0.23,17.04,-20.26,-2.2,-22.46,-15.70666667,certain,certain,-15.70666667,-330.0006944,1,0.3,-2.2,left,1.7998,,1207.0566,1209.0562,1209.0564,1210.0553,1216.0551,1217.0546,0,73,73,35,1,1210.0585,1210.5549,1210.5549,1216.0548,0.72,3.643,,,,,,,,,,,,,,,,,,,,,,,,,,,,,,,,,,,,,,,,,,,,,,,,,,,,,,,,,,,,,,,,,,,,,,,,,,,,,,,,,,,,,,,,,,,,,,,,,,,,,,,,,,,,,,,,,,
,,,2025-01-14_06h52.39.719,Mmi_Reward,2023.2.3,Win32,60.24096386,,,,,,,,,,,,,,,,,,,,,,,,,,,,,,,,,,,,,,,,,,,,,,,,,,,,,,,,,,,,,,,,,,,,,,,,,,,,,,,,,,,,,,,,,,,,,,,,,,,,,,,,,,,,1217.0749,1219.1898,na,TRUE,TRUE,0.72,0.42,17.46,-23.34,3.2,-20.14,-12.36,gamble,lose,-20.14,-350.1406944,1,0.3,3.2,right,2.0838,,1219.1921,1221.1886,1221.1888,1222.1881,1222.1903,1223.1878,0,74,74,40,1,,,,,,,,,,,,,,,,,,,,,,,,,,,,,,,,,,,,,,,,,,,,,,,,,,,,,,,,,,,,,,,,,,,,,,,,,,,,,,,,,,,,,,,,,,,,,,,,,,,,,,,,,,,,,,,,,,,,,,,,
,,,2025-01-14_06h52.39.719,Mmi_Reward,2023.2.3,Win32,60.24096386,,,,,,,,,,,,,,,,,,,,,,,,,,,,,,,,,,,,,,,,,,,,,,,,,,,,,,,,,,,,,,,,,,,,,,,,,,,,,,,,,,,,,,,,,,,,,,,,,,,,,,,,,,,,,,,,,,,,,,,,,,,,,,,,,,,,,,,,,,,,,,,,,,,,1223.1947,1230.2237,space,7.0025,,1230.2247,1345.8718,33,20 ,space,5.4202,,1345.8723,1365.2336,2,2.94,2,5.5357,1,13.2662,space,6.066,,1365.2347,1372.9503,1,4.2538, ,return,7.648,,1372.9505,1378.3826,space,5.4145,,1378.3839,1416.5135,3,38.0333,,1416.5146,1417.0123,3,0.3834,,1417.0127,1424.5789,1,7.4973,,1424.5799,1434.2792,2,9.6132,,1434.2799,1438.0788,1,3.6985,,1438.0805,1445.6782,4,7.5075,,1445.6791,1454.3469,,return,8.624,,1454.3471,1461.426,2,7.015,,1461.4262,1469.5284,1,8.0427,,1469.5295,1473.8941,1,4.2785,,1473.8955,1483.078,,return,9.142,,1483.0782,-350.1406944,1,1496.8608,space,13.758,,1496.8617,00NaN,1507.1095,space,7.209,,1507.1102,1507.1457,0,0,0,0,1
